%YAML:1.0
---
R: !!opencv-matrix
   rows: 3
   cols: 3
   dt: d
   data: [ 0.99999790100265362, -0.0020352573117731368,
       -0.00023604652457116207, 0.0020377779646229732,
       0.99993496314076435, 0.011221272193706949, 0.00021319299656693955,
       -0.011221729650692789, 0.99993701168243243 ]
T: !!opencv-matrix
   rows: 3
   cols: 1
   dt: d
   data: [ -120.16513818290962, 0.15868899117340923, -3.9581966374945008 ]
R1: !!opencv-matrix
   rows: 3
   cols: 3
   dt: d
   data: [ 0.99945929172666081, -0.0037233794410824585,
       0.032668955091636594, 0.003540571157958972, 0.99997776025092355,
       0.0056518456650523179, -0.032689272508226189,
       -0.0055331229051834817, 0.99945024689266004 ]
R2: !!opencv-matrix
   rows: 3
   cols: 3
   dt: d
   data: [ 0.99945706050618088, -0.0013198739255927574,
       0.032921757807943292, 0.0015040175796219859, 0.9999833606345836,
       -0.0055692355924618102, -0.032913859321940998,
       0.0056157267370034849, 0.99944241528852018 ]
P1: !!opencv-matrix
   rows: 3
   cols: 4
   dt: d
   data: [ 1063.7471460611364, 0., 996.53997802734375, 0., 0.,
       1063.7471460611364, 607.98763275146484, 0., 0., 0., 1., 0. ]
P2: !!opencv-matrix
   rows: 3
   cols: 4
   dt: d
   data: [ 1063.7471460611364, 0., 996.53997802734375,
       -127894.76191540866, 0., 1063.7471460611364, 607.98763275146484,
       0., 0., 0., 1., 0. ]
Q: !!opencv-matrix
   rows: 4
   cols: 4
   dt: d
   data: [ 1., 0., 0., -996.53997802734375, 0., 1., 0.,
       -607.98763275146484, 0., 0., 0., 1063.7471460611364, 0., 0.,
       0.0083173628859383088, 0. ]
