%YAML:1.0
---
M1: !!opencv-matrix
   rows: 3
   cols: 3
   dt: d
   data: [ 1393.0218357625358, 0., 1037.8982633247501, 0.,
       1399.2372724532866, 649.99871810753609, 0., 0., 1. ]
D1: !!opencv-matrix
   rows: 5
   cols: 1
   dt: d
   data: [ -0.16265223527071923, 0.0020744390167396387,
       0.00032001410185710736, 0.00051605179423790657,
       0.016432959225571132 ]
M2: !!opencv-matrix
   rows: 3
   cols: 3
   dt: d
   data: [ 1380.5338155620468, 0., 1140.2069078456434, 0.,
       1387.1274157049104, 570.92245864295728, 0., 0., 1. ]
D2: !!opencv-matrix
   rows: 5
   cols: 1
   dt: d
   data: [ -0.16100811114883304, -0.0034192019870866357,
       0.00023493172647895795, 1.7483764962178381e-05,
       0.019282889127672294 ]
