<?xml version="1.0"?>
<opencv_storage>
<calibration_time>"Thu 23 Apr 2026 03:01:12 PM UTC"</calibration_time>
<nr_of_frames>26</nr_of_frames>
<image_width>2208</image_width>
<image_height>1242</image_height>
<board_width>8</board_width>
<board_height>5</board_height>
<square_size>30.</square_size>
<marker_size>20.</marker_size>
<!-- flags: +fix_k4 +fix_k5 -->
<flags>6144</flags>
<fisheye_model>0</fisheye_model>
<camera_matrix type_id="opencv-matrix">
  <rows>3</rows>
  <cols>3</cols>
  <dt>d</dt>
  <data>
    1380.5338155653535 0. 1140.206907837299 0. 1387.127415708534
    570.92245864494976 0. 0. 1.</data></camera_matrix>
<distortion_coefficients type_id="opencv-matrix">
  <rows>5</rows>
  <cols>1</cols>
  <dt>d</dt>
  <data>
    -0.16100811114727404 -0.0034192019886108808 0.00023493172647395791
    1.7483764936025961e-05 0.019282889128112452</data></distortion_coefficients>
<avg_reprojection_error>0.35981424547321378</avg_reprojection_error>
<per_view_reprojection_errors type_id="opencv-matrix">
  <rows>26</rows>
  <cols>1</cols>
  <dt>f</dt>
  <data>
    0.403833181 0.471947312 0.5075863 0.490355492 0.416736633
    0.361123592 0.335144877 0.357175767 0.23781909 0.341489196
    0.396926433 0.417969674 0.472296953 0.348613173 0.267351091
    0.243701816 0.304483116 0.27389282 0.255715162 0.285482526
    0.331092179 0.331737638 0.371431708 0.291482061 0.27678445
    0.351471245</data></per_view_reprojection_errors>
<!-- a set of 6-tuples (rotation vector + translation vector) for each view -->
<extrinsic_parameters type_id="opencv-matrix">
  <rows>26</rows>
  <cols>6</cols>
  <dt>d</dt>
  <data>
    0.020687299922678058 -0.073790659846799236 0.01278378954301102
    -288.73137482054187 -124.12863639308773 351.06986826729445
    0.020495001308624985 -0.05322691689971535 0.010380797607950645
    -197.05910711735666 -121.53506211319416 371.66558036992581
    0.014354909377771279 0.20031062976125988 0.0045417891601915329
    -36.889148798191528 -118.48543078988915 376.60919899399477
    0.012938418040479368 0.17026892091218496 0.0048938194814899449
    132.39614893299267 -165.3218936436655 464.81715303586952
    0.0077450760877668763 0.17014300883585984 0.0044602159122032348
    128.59368817386107 -59.784788943654199 466.45149461544986
    0.0081917589279809442 0.13369763192197787 0.0052905631354160428
    63.110989555806889 -60.537789992997965 469.06819886371011
    0.017803469162779403 0.11234731303022082 0.0065816073497889857
    -94.505210827294334 -63.677352373561945 449.91162732549515
    0.016994351755755595 0.072443700182440104 0.010362827886859943
    -238.96417549898899 -66.867040981990357 436.68397831070075
    0.017413256940913287 -0.0050668764758581841 0.012731578704609073
    -356.5630422926958 -69.631014200294771 414.38870818837648
    0.017405569410779843 -0.083115239438279712 0.0089309122806372869
    -216.50813424932798 32.351583796827448 403.26106770573051
    0.0093395906694329275 0.096578887084369888 0.0029168712403628027
    -26.363858859615814 35.768329725747769 410.679508615945
    0.0082075893053394217 0.10532636919420825 0.0036558376220175927
    24.840697012063675 36.738221032567168 420.60179403386041
    0.0083118656903910949 0.15973519216699564 0.0023183441021641009
    54.507192064231766 36.768253416189289 379.41836554993176
    0.021596942951019851 -1.0160827531448056 0.017806478139137577
    -337.60312966534713 -152.39612658781761 410.52057568086491
    0.022477210195388984 -1.0040829879271582 0.018329300683229566
    -337.04167795394585 -77.457610275226216 417.31060968991289
    0.023515361362927135 -0.99664003905703613 0.018854267854624004
    -346.94069217448265 14.574356052166531 417.47792559796716
    0.0055932044311536094 0.91787911280770873 -0.0029423787690010918
    37.577001751257662 16.795631614050063 501.03152861670259
    0.0063170985759622407 0.90414336878344403 -0.0029260943999511366
    36.42399690668644 -35.600003276729787 505.6561242523951
    0.0060695304737195446 0.90701014871508912 -0.0033118515050108255
    38.893295124734784 -107.95452795281034 505.66019599806305
    -0.41537574962988061 -0.91786703280691662 0.23462843926939358
    -327.58550718512396 26.742234076549444 445.86667954717689
    -0.46055496373125993 0.092832427410463256 -0.023262989324984426
    -155.49730160135141 20.614954058134273 430.56860208440128
    0.79853206062741955 0.050107939660407885 0.052385727380091895
    -183.42241844913949 -115.77551438066922 349.61477526539767
    0.64857919953228793 -0.79284522526453105 -0.23791208545432241
    -304.59529818973664 -83.798728191833803 378.64361975380581
    0.63786725924299104 0.59632757365867439 0.21574285967985232
    8.7891386213459626 -158.97646578192476 472.38443957107336
    0.63472169256691646 0.66100181611324449 0.23775832943787695
    -70.317257288107498 -128.41017009273955 427.1093364621471
    0.67910636842655003 -0.13940012375132627 -0.016689545947588511
    -285.14069471669558 -80.952115430019973 353.57647124238946</data></extrinsic_parameters>
</opencv_storage>
