<?xml version="1.0"?>
<opencv_storage>
<calibration_time>"Mon 20 Apr 2026 11:28:47 AM UTC"</calibration_time>
<nr_of_frames>52</nr_of_frames>
<image_width>2208</image_width>
<image_height>1242</image_height>
<board_width>8</board_width>
<board_height>5</board_height>
<square_size>30.</square_size>
<marker_size>20.</marker_size>
<!-- flags: +fix_k4 +fix_k5 -->
<flags>6144</flags>
<fisheye_model>0</fisheye_model>
<camera_matrix type_id="opencv-matrix">
  <rows>3</rows>
  <cols>3</cols>
  <dt>d</dt>
  <data>
    1398.9982096457527 0. 1083.1665179810907 0. 1406.6670186827635
    613.55125675107979 0. 0. 1.</data></camera_matrix>
<distortion_coefficients type_id="opencv-matrix">
  <rows>5</rows>
  <cols>1</cols>
  <dt>d</dt>
  <data>
    -0.15215012126904365 -0.015913105160956491 0.00019383045188066966
    0.00052257863499549043 0.027242905142754868</data></distortion_coefficients>
<avg_reprojection_error>0.58930873654837579</avg_reprojection_error>
<per_view_reprojection_errors type_id="opencv-matrix">
  <rows>52</rows>
  <cols>1</cols>
  <dt>f</dt>
  <data>
    0.74699223 0.787695348 0.644931078 0.647789299 0.486605823
    0.543286383 0.6207003 0.655061305 0.566228211 0.366829455
    0.509775877 0.549439549 0.540299416 0.542267561 0.465262592
    0.428101033 0.582299113 0.503601789 0.314485341 0.382733107
    0.949350238 0.833342195 0.737286568 0.479163319 0.668127239
    0.760339022 0.631499887 0.630397081 0.792034626 0.482232183
    0.47367087 0.418871164 0.56391722 0.564288497 0.421057343
    0.572850645 0.536583006 0.509402573 0.599212945 0.430044591
    0.381877691 0.323946059 0.616863847 0.60084492 0.554114699
    0.395383775 0.838404477 0.878305852 0.6557886 0.371679991
    0.421912134 0.706344843</data></per_view_reprojection_errors>
<!-- a set of 6-tuples (rotation vector + translation vector) for each view -->
<extrinsic_parameters type_id="opencv-matrix">
  <rows>52</rows>
  <cols>6</cols>
  <dt>d</dt>
  <data>
    0.011606753070912884 -0.08057514556665836 0.0095619907468010856
    -180.81437776846576 -118.22042625622535 355.507584046273
    0.0088006635096018384 -0.067370686413370656 0.0085322311093615731
    -89.475428165216528 -115.85136601766716 377.08319637472567
    -0.0005159343971689761 0.16567012188929833 0.0042634454348011589
    70.869372310675303 -113.05634713986794 383.05267930795264
    0.0095072074947050861 -0.16427351394493328 0.0098339638640925365
    -282.94395992858773 -146.56250931734479 368.9658913528898
    0.00052731969105507866 0.092216745634692093 0.0076755784424892863
    167.87447425274914 -53.823681771987623 477.54556633954633
    0.0088566073948258602 0.087604861215741334 0.0061112722868638383
    11.094905341646696 -57.205851701033623 456.10262481071436
    0.015252109485489031 0.063489610523646239 0.00736475942611578
    -133.18714893425266 -60.15528689002155 441.06571136453215
    0.012856062078602697 -0.015895742556227568 0.0084466206489833377
    -250.36640632350262 -62.610097438383143 417.68793516253879
    0.010996519911164349 -0.058274031726860735 0.0094056887256026428
    -310.15223270710766 -64.66459548131607 396.31222178704519
    0.018910283267159177 -0.34847007317959189 0.013602778287910433
    -288.74081018030819 36.453282037723703 378.85970543864971
    0.013285249919290032 -0.098051860333317795 0.0090518747931634825
    -109.89720718008877 38.638396895842462 408.79679999275646
    0.0083734398331882492 0.061756187445194594 0.0068156504157551052
    80.654419359295588 41.508099182180679 416.9105237046262
    0.0065703814293131806 0.066737103964340211 0.0086725663222587332
    131.3489084320619 42.56954263175696 427.70143925447553
    0.0076160490687579236 -1.0458724943523408 0.020037851735707993
    -232.10067846401245 -145.39373720614216 415.63538760495049
    0.0062289470855922584 -1.0340214431908565 0.020614743625979443
    -231.51267700418649 -70.520230990528844 422.40916781943389
    0.0063959954826968684 -1.0250683498273832 0.020783431451109759
    -241.7816607094471 21.717999164333079 423.30358429633537
    -0.011579715287413375 0.88519017815793888 -0.0018722277409624235
    141.75776652661409 23.769567614760845 510.0963173315738
    -0.010759548598246394 0.87420118375391154 -0.0040183359545578074
    140.35963707616972 -28.504340456044563 514.27232553744989
    -0.0060532292120001182 0.87830061514431357 -0.0080346713344191436
    142.49266605769424 -100.66089469608028 514.2883090451071
    -0.43509694413898653 -0.94488134674900892 0.23156514299559203
    -222.95077154959284 34.174976107428087 451.49072580843364
    -0.47575379985611255 0.069782166960843411 -0.0288713039062529
    -48.985705834112636 26.85178302790785 435.47880586367364
    0.78182778781398032 0.020920533625530535 0.060033983681739865
    -75.097347714049903 -110.31472899640342 353.4535200274799
    0.63697058288962161 -0.82725684490353535 -0.22933111104179907
    -196.91875559845658 -77.448896632963823 382.42906694929093
    0.61814626133926065 0.56633561902149776 0.22284164649445129
    113.55002953862903 -152.19638369907585 481.43274332353718
    0.61423280288191406 0.62969115939098019 0.24292163795933591
    35.852194803683901 -122.19152744727822 433.19057078159653
    0.66109980625798737 -0.16300067318625358 -0.012368469539336308
    -177.82713912014026 -75.374881093518965 358.18796037905804
    0.035734364997200625 -0.036888191902129532 0.018018814392831602
    -273.2868475406388 -136.37701614768022 362.49097681636385
    0.029998928285436682 -0.027838222091112756 0.012467895725499974
    -181.23480254440088 -133.62612137375447 380.13424688359208
    0.030150518450518415 0.21655071104880749 0.0070285078022548344
    -21.344321063914329 -130.16642402392782 381.89224812959611
    0.028955632675319868 0.1847990985595582 0.0041112626267951497
    152.04046863675029 -179.8984189442088 468.32255936433569
    0.025557878479351984 0.18466838934279248 0.0024440078869410256
    148.13764305355636 -74.21718290511815 471.15312652978537
    0.022867426488609378 0.14781103038084725 0.0045012682635549367
    82.593527159931838 -74.93907536171875 474.55932944238327
    0.031042085154657499 0.13022012406554428 0.0083164095359856277
    -75.982378164481204 -77.528437395108014 457.72594490722554
    0.037567598357185046 0.10449507789445661 0.014575231430100744
    -220.64830628805313 -80.891143076987561 447.43185221432987
    0.03891778806305899 0.036609243454354651 0.018749848217815671
    -338.30226965933514 -83.92793900624217 428.84656857874779
    0.044429433440338624 -0.053650409133627931 0.007653680265816881
    -199.42910055855614 19.584467352951432 413.55744102823519
    0.028384144910355267 0.11348193491005965 0.00082370686522078315
    -9.3685367619295139 23.388364338169101 417.85881023297952
    0.028257578271100033 0.12139119179198969 0.00051584962905399615
    42.335886932421097 24.019972100394703 427.19939926071174
    0.030251414085991964 0.17434745279197605 -0.0012892216722086953
    70.358832446592658 25.307317134823247 385.02557993714584
    0.056818884205579054 -0.96960943118107856 0.015794192159828642
    -319.51456888517311 -166.95257269033922 423.780434651127
    0.057814225961254684 -0.96082112368337391 0.012753512744145263
    -318.27434114889809 -91.647842307307471 430.17263035191257
    0.054550625948269156 -0.95618458515621807 0.0088446810293265222
    -327.97886137302459 0.35958889713128267 431.55099029340641
    0.036836144417416138 0.95821686121530547 0.0048560230962634123
    58.159228376123693 1.6359492306349877 507.58482748458528
    0.038638379896451996 0.94413159925376855 0.0057066854952694058
    57.161960147621159 -50.947533980375333 511.72041482583188
    0.03808008527738159 0.94429311645592906 0.0065448061504645664
    59.731871638124474 -123.53448099702014 511.47522897785569
    -0.379508896909308 -0.87985266337205437 0.23138596610068984
    -307.81379434363083 11.855282539867746 459.46999662758736
    -0.43817658753019123 0.12770474253221686 -0.014566534986886797
