<?xml version="1.0"?>
<opencv_storage>
<calibration_time>"Mon 20 Apr 2026 12:07:52 PM UTC"</calibration_time>
<nr_of_frames>26</nr_of_frames>
<image_width>2208</image_width>
<image_height>1242</image_height>
<board_width>8</board_width>
<board_height>5</board_height>
<square_size>30.</square_size>
<marker_size>20.</marker_size>
<!-- flags: +fix_k4 +fix_k5 -->
<flags>6144</flags>
<fisheye_model>0</fisheye_model>
<camera_matrix type_id="opencv-matrix">
  <rows>3</rows>
  <cols>3</cols>
  <dt>d</dt>
  <data>
    1393.0218357625358 0. 1037.8982633247501 0. 1399.2372724532866
    649.99871810753609 0. 0. 1.</data></camera_matrix>
<distortion_coefficients type_id="opencv-matrix">
  <rows>5</rows>
  <cols>1</cols>
  <dt>d</dt>
  <data>
    -0.16265223527071923 0.0020744390167396387 0.00032001410185710736
    0.00051605179423790657 0.016432959225571132</data></distortion_coefficients>
<avg_reprojection_error>0.43693817920497846</avg_reprojection_error>
<per_view_reprojection_errors type_id="opencv-matrix">
  <rows>26</rows>
  <cols>1</cols>
  <dt>f</dt>
  <data>
    0.582373321 0.625714481 0.486292809 0.511659682 0.386515737
    0.487724334 0.513998151 0.532323301 0.455413848 0.36699301
    0.442572534 0.455472052 0.438194513 0.396738619 0.342595875
    0.355952054 0.329024434 0.320507526 0.28674987 0.371753722
    0.515126348 0.410104364 0.379512221 0.299268454 0.386822462
    0.461444944</data></per_view_reprojection_errors>
<!-- a set of 6-tuples (rotation vector + translation vector) for each view -->
<extrinsic_parameters type_id="opencv-matrix">
  <rows>26</rows>
  <cols>6</cols>
  <dt>d</dt>
  <data>
    0.026948312308524028 -0.067119669025540868 0.010787438153530164
    -168.80861478126801 -127.92115738014378 353.98076717612634
    0.025564068103879248 -0.050167527590820812 0.0080680424071366968
    -77.117615496683328 -125.77326097055337 374.60003678129578
    0.019645170754982538 0.19346410802891723 0.003550608102741526
    83.262650087450439 -123.06864361691514 378.85559239716167
    0.028290946832130261 -0.14696228995874563 0.013260155755011398
    -269.71376177590696 -157.29704609655349 367.94650525158806
    0.019347141939586497 0.12226188224427892 0.0036076784127120915
    183.4168347845941 -66.359828518375323 471.92396495585155
    0.020948237873586253 0.10955051650586241 0.0055324454410408614
    25.787967882742848 -68.98751702058847 453.5444577903998
    0.027893181893620167 0.07910809641188242 0.0086764824254700317
    -118.93411378878757 -71.692315044379441 440.38867394631978
    0.029919036902817917 0.00071144006098949658 0.011045714652884583
    -236.40240782943064 -74.025275555705534 417.64148825712073
    0.029614456831257643 -0.03873426647112764 0.01309188795745218
    -296.38857413551972 -75.955101575183008 396.90542762735646
    0.036084267156480755 -0.32999907567333109 0.010880571446957565
    -275.04162547080648 25.70154066195202 379.51809867953239
    0.025029174038843027 -0.08115758076593306 0.0058527378120175021
    -96.513457080978725 28.001429348438265 408.02730378971756
    0.021798824013634813 0.088831162695157756 0.0016382202798201288
    94.179988440823692 30.833494392231362 414.37600066106256
    0.021789456546934621 0.095186958162460616 0.0024171158992135136
    145.30579954687394 31.494930941903824 424.08142041322441
    0.034445139776534246 -1.0137708342139133 0.012854396656615153
    -217.67004214283048 -156.92516948139672 413.49001815538611
    0.034262872069312285 -1.0024133714573649 0.012341427988389794
    -216.84056517981688 -81.949734962991641 420.65457734481186
    0.033871838182899516 -0.99612968223560716 0.011462911665734264
    -226.53635454267732 10.121983365262553 421.61140555891893
    0.016904636372490352 0.92005151471087432 -0.00021205428255322397
    158.12891588631055 10.728588542387879 505.50641567440294
    0.01818868116318445 0.90698898776675674 -0.00055370335899226442
    156.87215605740505 -41.740115427042682 509.34131977698007
    0.019910769201753154 0.90893194148434864 -0.0016431308200001353
    159.20616365332123 -114.12318945605011 508.67276258251724
    -0.40469656946995031 -0.91789311390244144 0.22741734703290797
    -207.22094798607051 21.898992502270936 449.92489553167491
    -0.44886268640008814 0.093177075279758506 -0.025068505409847536
    -35.297106849411719 15.747056551115113 434.16359088456511
    0.80685319654512933 0.050657555484373382 0.050257930555317687
    -63.530444444533821 -120.01342194957536 352.83459088073539
    0.65862053973471069 -0.79310100450823684 -0.24361019104967421
    -184.04033184385941 -87.930708616237226 381.68873718296919
    0.64716753216287504 0.59575846403342125 0.21823755742883796
    129.34018613452056 -164.98999495333302 475.70186091890156
    0.64449417515866281 0.66048767944441944 0.2398361958893756
    49.918224614379042 -133.54989835145108 429.58269373389618
    0.68731804327647394 -0.13615625330269859 -0.020460436530234976
    -165.76017183533389 -85.000858993411441 357.5840428872342</data></extrinsic_parameters>
</opencv_storage>
