<?xml version="1.0"?>
<opencv_storage>
<calibration_time>"Mon 20 Apr 2026 12:08:23 PM UTC"</calibration_time>
<nr_of_frames>26</nr_of_frames>
<image_width>2208</image_width>
<image_height>1242</image_height>
<board_width>8</board_width>
<board_height>5</board_height>
<square_size>30.</square_size>
<marker_size>20.</marker_size>
<!-- flags: +fix_k4 +fix_k5 -->
<flags>6144</flags>
<fisheye_model>0</fisheye_model>
<camera_matrix type_id="opencv-matrix">
  <rows>3</rows>
  <cols>3</cols>
  <dt>d</dt>
  <data>
    1380.5338155620468 0. 1140.2069078456434 0. 1387.1274157049104
    570.92245864295728 0. 0. 1.</data></camera_matrix>
<distortion_coefficients type_id="opencv-matrix">
  <rows>5</rows>
  <cols>1</cols>
  <dt>d</dt>
  <data>
    -0.16100811114883304 -0.0034192019870866357 0.00023493172647895795
    1.7483764962178381e-05 0.019282889127672294</data></distortion_coefficients>
<avg_reprojection_error>0.35981424547321378</avg_reprojection_error>
<per_view_reprojection_errors type_id="opencv-matrix">
  <rows>26</rows>
  <cols>1</cols>
  <dt>f</dt>
  <data>
    0.403833181 0.471947312 0.5075863 0.490355492 0.416736633
    0.361123592 0.335144877 0.357175767 0.23781909 0.341489196
    0.396926433 0.417969674 0.472296953 0.348613173 0.267351091
    0.243701816 0.304483116 0.27389282 0.255715162 0.285482526
    0.331092179 0.331737638 0.371431708 0.291482061 0.27678445
    0.351471245</data></per_view_reprojection_errors>
<!-- a set of 6-tuples (rotation vector + translation vector) for each view -->
<extrinsic_parameters type_id="opencv-matrix">
  <rows>26</rows>
  <cols>6</cols>
  <dt>d</dt>
  <data>
    0.02068729992267215 -0.073790659853372562 0.012783789542613711
    -288.73137482274126 -124.12863639248835 351.06986826494796
    0.020495001309088389 -0.053226916904361078 0.010380797607752939
    -197.05910711964478 -121.53506211261207 371.66558036814109
    0.014354909377359218 0.20031062975859773 0.0045417891599608441
    -36.889148800471389 -118.48543078933042 376.60919899284045
    0.012938418040258413 0.17026892090923731 0.0048938194812102893
    132.39614893002971 -165.32189364295979 464.81715303474874
    0.0077450760869042018 0.1701430088331739 0.004460215912309504
    128.59368817094852 -59.784788942979738 466.45149461435813
    0.0081917589272749326 0.1336976319196285 0.0052905631354639455
    63.110989552936346 -60.537789992325202 469.06819886256858
    0.017803469162054768 0.11234731302720956 0.0065816073497346776
    -94.50521082999407 -63.677352372916332 449.91162732401881
    0.016994351754823892 0.072443700176990783 0.010362827886684222
    -238.96417550164162 -66.867040981335478 436.68397830860937
    0.017413256939969726 -0.0050668764829821019 0.01273157870435314
    -356.56304229530048 -69.63101419962679 414.38870818557535
    0.017405569408167367 -0.083115239443441416 0.0089309122809654393
    -216.50813425180007 32.351583797397232 403.26106770385053
    0.0093395906676167397 0.096578887081609333 0.0029168712407370181
    -26.363858862097029 35.768329726309275 410.67950861473315
    0.0082075893036000873 0.10532636919154377 0.0036558376224610349
    24.840697009501973 36.738221033144981 420.60179403271599
    0.008311865688649547 0.15973519216427076 0.0023183441026768609
    54.507192061900213 36.768253416703267 379.41836554891108
    0.021596942948764349 -1.0160827531511745 0.017806478138693332
    -337.6031296679858 -152.39612658711596 410.52057567820344
    0.022477210193585822 -1.0040829879332145 0.018329300683439732
    -337.04167795663221 -77.45761027456291 417.31060968733175
    0.023515361361945031 -0.99664003906307819 0.018854267855644626
    -346.94069217710796 14.574356052808605 417.47792559520258
    0.0055932044295452579 0.91787911280225676 -0.0029423787692513434
    37.577001748225442 16.79563161474951 501.03152861537615
    0.0063170985744375168 0.90414336877788049 -0.0029260944003186022
    36.423996903627035 -35.600003276014746 505.65612425110896
    0.006069530472314854 0.90701014870968844 -0.0033118515055510244
    38.893295121659406 -107.95452795207768 505.66019599677941
    -0.41537574963175278 -0.9178670328127948 0.23462843926937355
    -327.58550718791628 26.742234077217585 445.86667954454998
    -0.46055496373189198 0.092832427405378559 -0.023262989326019008
    -155.49730160391798 20.614954058722141 430.56860208269273
    0.79853206062564797 0.050107939654710304 0.052385727381918171
    -183.42241845129939 -115.77551438012671 349.61477526369509
    0.64857919953163212 -0.79284522527077739 -0.23791208545271775
    -304.59529819214362 -83.798728191211097 378.64361975138348
    0.63786725924090448 0.59632757365330191 0.21574285968090631
    8.7891386184214397 -158.97646578120509 472.38443956963221
    0.63472169256465261 0.66100181610777875 0.2377583294390464
    -70.31725729070142 -128.41017009210768 427.10933646073272
    0.67910636842548755 -0.13940012375741226 -0.016689545945774306
    -285.14069471887342 -80.952115429430819 353.57647124007212</data></extrinsic_parameters>
</opencv_storage>
